lastAccountName: Jessboop2
timestamps:
  login: 1609628416487
  logout: 1609631744044
ipAddress: 90.208.107.182
logoutlocation:
  world: world
  x: -2516.6187094992583
  y: 77.0
  z: 1863.441460810917
  yaw: -357.8118
  pitch: -1.3114488
