lastAccountName: Jessboop2
timestamps:
  login: 1609713376576
  logout: 1609715774702
ipAddress: 90.208.107.182
logoutlocation:
  world: world_nether
  x: -318.69999998807907
  y: 60.0625
  z: 233.39396752337822
  yaw: -90.70899
  pitch: 26.91877
