lastAccountName: bennieboy888
timestamps:
  login: 1609613119846
  lastteleport: 1609613434422
  logout: 1609615961047
ipAddress: 84.194.96.161
homes:
  home:
    world: world
    x: -1539.9915674592428
    y: 69.0
    z: 1692.2392951835577
    yaw: 225.43994
    pitch: 11.999961
lastlocation:
  world: world
  x: -1531.9660761091716
  y: 66.0
  z: 1683.761405592068
  yaw: 204.59004
  pitch: 44.549953
logoutlocation:
  world: world_nether
  x: -0.6815562726752934
  y: 60.0
  z: 12.638594968332718
  yaw: 154.02808
  pitch: 8.849954
