lastAccountName: Mongk_II
timestamps:
  login: 1609715547840
  logout: 1609717138896
ipAddress: 82.69.66.97
logoutlocation:
  world: world
  x: -1586.6318789093086
  y: 66.0
  z: 1592.7356782752324
  yaw: -254.94836
  pitch: 16.200464
