lastAccountName: Mongk_II
timestamps:
  login: 1609631562343
  logout: 1609631720342
ipAddress: 82.69.66.97
logoutlocation:
  world: world
  x: -1834.4441529218502
  y: 70.0
  z: 1611.109684232466
  yaw: -279.99408
  pitch: 18.749622
