lastAccountName: whaivik
timestamps:
  login: 1609630845695
  logout: 1609631706895
ipAddress: 86.30.144.151
logoutlocation:
  world: world
  x: -1861.2007001916324
  y: 66.5
  z: 2009.4080281242882
  yaw: -135.74792
  pitch: 0.15573867
