lastAccountName: whaivik
timestamps:
  login: 1609707321596
  logout: 1609708073749
ipAddress: 86.30.144.151
logoutlocation:
  world: world
  x: -55.46633595273825
  y: 63.0
  z: -46.73830459489407
  yaw: -75.91547
  pitch: 2.9859722
