lastAccountName: kijilas
timestamps:
  login: 1609710035600
  lastteleport: 1609613352041
  logout: 1609715317534
ipAddress: 82.23.49.75
lastlocation:
  world: world
  x: -11.035043175548036
  y: 65.0
  z: 0.5107154511438452
  yaw: -120.51453
  pitch: 23.975607
logoutlocation:
  world: world_nether
  x: -122.8315170499624
  y: 128.0
  z: 216.53273702854983
  yaw: -104.78596
  pitch: 6.712818
