lastAccountName: kijilas
timestamps:
  login: 1609633294374
  lastteleport: 1609613352041
  logout: 1609633299737
ipAddress: 82.23.49.75
lastlocation:
  world: world
  x: -11.035043175548036
  y: 65.0
  z: 0.5107154511438452
  yaw: -120.51453
  pitch: 23.975607
logoutlocation:
  world: world
  x: -1876.699999988079
  y: 65.875
  z: 1794.2117639062778
  yaw: -83.35424
  pitch: 13.413254
