lastAccountName: charlotte2202
timestamps:
  login: 1609615007474
  logout: 1609615061648
ipAddress: 51.9.23.38
logoutlocation:
  world: world
  x: 21.95885212791019
  y: 50.0
  z: -74.81429181853854
  yaw: 14.846153
  pitch: 24.900743
