lastAccountName: pimpom95
timestamps:
  login: 1609706385967
  logout: 1609717128346
  lastteleport: 1609715529905
ipAddress: 51.9.23.38
homes:
  home:
    world: world
    x: 21.991519063623333
    y: 50.0
    z: -80.73873684536015
    yaw: 39.10553
    pitch: 15.11871
  sugarcane:
    world: world
    x: 20.95180075644003
    y: 49.0
    z: -74.93745919302364
    yaw: -205.39694
    pitch: 45.60007
  dab:
    world: world
    x: 22.277116561790677
    y: 50.0
    z: -83.75696255029877
    yaw: -205.39694
    pitch: 45.60007
logoutlocation:
  world: world
  x: 8.57962740316751
  y: 63.0
  z: -52.72630318126821
  yaw: -258.6494
  pitch: 10.650433
lastlocation:
  world: world
  x: 78.95001087636956
  y: 10.0
  z: 315.8901821738226
  yaw: 183.44568
  pitch: 6.1505017
