lastAccountName: ItchyPlums
timestamps:
  login: 1609631329430
  logout: 1609631746940
ipAddress: 81.159.142.109
logoutlocation:
  world: world
  x: -1918.8795269719014
  y: 63.0
  z: 1591.795682072012
  yaw: 116.52305
  pitch: 19.950014
