lastAccountName: ItchyPlums
timestamps:
  login: 1609706450842
  logout: 1609708062509
ipAddress: 81.159.142.109
logoutlocation:
  world: world
  x: -55.39410649159898
  y: 64.0
  z: -100.10727655681937
  yaw: -96.7161
  pitch: 34.65
