lastAccountName: faffle_the_bomb
timestamps:
  login: 1609714547388
  logout: 1609717120398
ipAddress: 86.134.126.149
logoutlocation:
  world: world
  x: -1317.2771132447176
  y: 71.0
  z: 1710.3188200276836
  yaw: -199.32281
  pitch: 6.000268
