lastAccountName: faffle_the_bomb
timestamps:
  login: 1609623875923
  logout: 1609631711895
ipAddress: 86.134.126.149
logoutlocation:
  world: world
  x: -2.8425642164746763
  y: 50.0
  z: -112.93791452412805
  yaw: -238.79938
  pitch: 34.349228
